00000000000000000000000000000011
00000000000010000000000000100011
00000000000010000000000001000011
00000000000000000000010001100011
00000000000000000000010010000011
00000000000000000100000010100011
00000000000001000000000011000011
00000000000000000000000011100011
00000000000000000000010100000011
00000000000000010000010100110010
00000000000000000000000101000011
00000000000000000000000101100011
00000000000000000000000110000011
00000000000000000000000110100011
00000000000000000000000111000011
00000000000000000000000111100011
00000000000001001000111000010010
00000000000000000000001000100011
00000000000000000000001001000011
00000000000000000000001001100011
00000000000000000000001010000011
00000000000000000000001010100011
00000000000000000000001011000011
00000000000010000001001011110010
00000000000000000000001100000011
00000000000000000000001100100011
00000000000000000000001101000011
00000000000000000000001101100011
00000000000000000000001110000011
00000000000000000000001110100011
00000000000000100000001111001100
00000000000010111001001111101100
00000000000010111001000011101100
00000000000000000000001111100001
00000000000000000000000000000000
00000000000000000000000000000000
00000000000000000000000000000000
00000000000000000000000000000000
00000000000000000000000000000000
00000000000000000111100000000001
00000000000000001111100000100001
00000000000000010111100001000001
00000000000000011111100001100001
00000000000000100111100010000001
00000000000000101001110011101111
00000000000000101111100010100001
00000000000000110111100011000001
00000000000000111111100011100001
00000000000001000111100100000001
00000000000001001111100100100001
00000000000001010111100101000001
00000000000001011111100101100001
00000000000001100111100110000001
00000000000001101111100110100001
00000000000001110111100111000001
00000000000001111111100111100001
00000000000011110001011111001100
00100000000011111000001000010000
00100000000011111000011000010000
00100000000011111000101000010000
00100000000011111000111000010000
00100000000011111001001000010000
00100000000011111001011000010000
00100000000011111001101000010000
00100000000011111001111000010000
00100000000011111010001000010000
00100000000011111010011000010000
00100000000011111010101000010000
00100000000011111010111000010000
00100000000011111011001000010000
00100000000011111011011000010000
00100000000011111011101000010000
00100000000011111011111000010000
00000000000000000111100000000001
00000000000000001111100000100001
00000000000000010111100001000001
00000000000000011111100001100001
00000000000000100111100010000001
00000000000000101111100010100001
00000000000000110111100011000001
00000000000000111111100011100001
00000000000001000111100100000001
00000000000001001111100100100001
00000000000001010111100101000001
00000000000001011111100101100001
00000000000001100111100110000001
00000000000001101111100110100001
00000000000001110111100111000001
00000000000001111111100111100001
00000000000011110001011111001100
00000000000010000111110000000100
00000000000011111001011111101100
00100000000011111000001000010000
00100000000011111000011000010000
00100000000011111000101000010000
00100000000011111000111000010000
00100000000011111001001000010000
00100000000011111001011000010000
00100000000011111001101000010000
00100000000011111001111000010000
00100000000011111010001000010000
00100000000011111010011000010000
00100000000011111010101000010000
00100000000011111010111000010000
00100000000011111011001000010000
00100000000011111011011000010000
00100000000011111011101000010000
00100000000011111011111000010000
00000000000011110001110000010011
11111111111111111111101110001000
00000000000000000000000000000000
00000000000000000000000000000000
00000000000000000000000000000000
00000000000000000111100000000001
00000000000000001111100000100001
00000000000000010111100001000001
00000000000000011111100001100001
00000000000000100111100010000001
00000000000000101111100010100001
00000000000000110111100011000001
00000000000000111111100011100001
00000000000001000111100100000001
00000000000001001111100100100001
00000000000001010111100101000001
00000000000001011111100101100001
00000000000001100111100110000001
00000000000001101111100110100001
00000000000001110111100111000001
00000000000001111111100111100001
00000000000010000111110000000100
00000000000011111001011111101100
00100000000011111000001000010000
00100000000011111000011000010000
00100000000011111000101000010000
00100000000011111000111000010000
00100000000011111001001000010000
00100000000011111001011000010000
00100000000011111001101000010000
00100000000011111001111000010000
00100000000011111010001000010000
00100000000011111010011000010000
00100000000011111010101000010000
00100000000011111010111000010000
00100000000011111011001000010000
00100000000011111011011000010000
00100000000011111011101000010000
00100000000011111011111000010000
00000000000000000000000000000000
00000000000000000000000000000000
00000000000000000000000000000000
00000000000000000000000000000000
00000000000000000000000000000000
00000000000000000000000000000000
00000000000000000000000000000000
00000000000000000000000000000000
00000000000000000000000000000000
00000000000000000000000000000000
00000000000000000000000000000000
00000000000000000000000000000000
00000000000010000111110000000100
00000000000000000000000000000000
00000000000000000000000000000000
00000000000000000000000000000000
00000000000000000000000000000000
00000000000000000000000000000000
00000000000000000000000000000000
00000000000000000000000000000000
00000000000000000000000000000000
